# This file may be used to create an environment using:
# $ conda create --name <env> --file <this file>
# platform: win-64
altgraph=0.17.4=pypi_0
auto-py-to-exe=2.40.0=pypi_0
blas=1.0=mkl
bottle=0.12.25=pypi_0
bottle-websocket=0.2.9=pypi_0
bottleneck=1.3.5=py311h5bb9823_0
bzip2=1.0.8=he774522_0
ca-certificates=2023.08.22=haa95532_0
cachetools=5.3.1=pypi_0
cffi=1.15.1=pypi_0
cx_freeze=6.15.7=py311ha68e1ae_0
cx_logging=3.1.0=py311ha68e1ae_1
eel=0.16.0=pypi_0
et_xmlfile=1.1.0=py311haa95532_0
future=0.18.3=pypi_0
gevent=23.9.1=pypi_0
gevent-websocket=0.10.1=pypi_0
glib=2.69.1=h5dc1a3c_2
greenlet=3.0.0rc3=pypi_0
gst-plugins-base=1.18.5=h9e645db_0
gstreamer=1.18.5=hd78058f_0
icu=58.2=vc14hc45fdbb_0
intel-openmp=2023.1.0=h59b6b97_46319
jpeg=9e=h2bbff1b_0
libclang=12.0.0=default_h627e005_2
libffi=3.4.4=hd77b12b_0
libiconv=1.16=h2bbff1b_2
liblief=0.12.3=h63175ca_0
libogg=1.3.5=h2bbff1b_1
libpng=1.6.37=h2a8f88b_0
libvorbis=1.3.7=he774522_0
libwebp=1.2.4=h2bbff1b_0
libwebp-base=1.2.4=h2bbff1b_0
libxml2=2.9.14=h0ad7f3c_0
libxslt=1.1.35=h2bbff1b_0
lz4-c=1.9.4=h2bbff1b_0
mkl=2023.1.0=h6b88ed4_46357
mkl-service=2.4.0=py311h2bbff1b_1
mkl_fft=1.3.8=py311h2bbff1b_0
mkl_random=1.2.4=py311h59b6b97_0
numexpr=2.8.4=py311h1fcbade_1
numpy=1.25.2=py311hdab7c0b_0
numpy-base=1.25.2=py311hd01c5d8_0
openpyxl=3.0.10=py311h2bbff1b_0
openssl=3.0.11=h2bbff1b_2
packaging=23.1=pyhd8ed1ab_0
pandas=2.0.3=py311hf62ec03_0
pcre=8.45=hd77b12b_0
pefile=2023.2.7=pypi_0
pip=23.2.1=py311haa95532_0
ply=3.11=py_1
py-lief=0.12.3=py311h12c1d0e_0
py2exe=0.13.0.0=pypi_0
pycparser=2.21=pypi_0
pyinstaller=6.0.0=pypi_0
pyinstaller-hooks-contrib=2023.9=pypi_0
pyparsing=3.1.1=pypi_0
pyqt=5.15.7=py311hd77b12b_0
pyqt5-sip=12.11.0=py311hd77b12b_0
pysimplegui=4.60.5=pyhd8ed1ab_0
python=3.11.5=he1021f5_0
python-dateutil=2.8.2=pyhd3eb1b0_0
python-tzdata=2023.3=pyhd3eb1b0_0
python_abi=3.11=2_cp311
pytz=2022.7=py311haa95532_0
pywin32-ctypes=0.2.2=pypi_0
qt-main=5.15.2=he8e5bd7_7
qt-webengine=5.15.9=h5bd16bc_7
qtwebkit=5.212=h3ad3cdb_4
setuptools=68.0.0=py311haa95532_0
sip=6.6.2=py311hd77b12b_0
six=1.16.0=pyhd3eb1b0_1
sqlite=3.41.2=h2bbff1b_0
tbb=2021.8.0=h59b6b97_0
tk=8.6.12=h2bbff1b_0
toml=0.10.2=pyhd8ed1ab_0
tomli=2.0.1=pyhd8ed1ab_0
tzdata=2023c=h04d1e81_0
ucrt=10.0.22621.0=h57928b3_0
vc=14.2=h21ff451_1
vc14_runtime=14.36.32532=hdcecf7f_17
vs2015_runtime=14.36.32532=h05e6639_17
wheel=0.38.4=py311haa95532_0
whichcraft=0.6.1=pypi_0
xz=5.4.2=h8cc25b3_0
zlib=1.2.13=h8cc25b3_0
zope-event=5.0=pypi_0
zope-interface=6.0=pypi_0
zstd=1.5.2=h19a0ad4_0
